19 18 0
20 19 0
37 17 255
194 174 255
57 77 255
57 37 255
154 174 255
154 134 255
97 77 255
97 134 255
214 234 255
214 194 255
78 59 79
78 59 58
38 19 18
38 39 19
38 59 58
38 59 39
20 39 19
20 40 39
60 59 79
60 80 79
60 59 39
60 40 39
196 237 216
196 237 197
196 216 215
196 195 215
196 195 175
196 176 175
200 219 220
200 199 219
200 199 179
200 180 179
159 180 179
159 180 160
159 178 158
159 178 179
138 159 158
138 159 139
198 219 218
198 199 219
198 199 179
198 178 179
198 237 218
198 237 197
100 81 101
100 81 80
100 138 101
100 138 137
157 138 137
157 138 158
61 60 80
61 81 80
61 82 62
61 82 81
142 161 162
142 161 141
133 153 154
133 154 134
14 35 34
14 35 15
188 169 168
188 169 189
29 9 8
29 28 8
146 145 125
146 125 109
146 145 165
146 166 165
186 166 165
186 185 165
144 145 125
144 125 124
144 145 165
144 164 165
184 185 165
184 164 165
201 221 220
201 200 220
102 138 139
102 138 101
102 81 101
102 82 81
121 142 141
121 142 105
63 82 62
63 83 82
99 80 79
99 100 80
99 100 137
99 136 137
99 78 98
99 78 79
99 135 98
99 136 135
177 198 197
177 198 178
177 178 158
177 157 158
177 196 197
177 196 176
156 177 157
156 177 176
156 157 137
156 136 137
156 175 155
156 176 175
156 135 155
156 136 135
41 20 40
41 21 20
41 60 40
41 61 60
212 231 232
212 211 231
151 172 152
151 172 171
96 133 134
96 97 134
210 229 230
210 209 229
210 209 189
210 190 189
210 231 230
210 211 231
210 211 191
210 190 191
170 169 189
170 190 189
170 151 171
170 151 150
170 190 191
170 191 171
54 35 34
54 55 35
54 74 75
54 55 75
73 74 94
73 94 93
73 54 74
73 54 53
73 92 72
73 92 93
33 14 13
33 14 34
33 54 34
33 54 53
208 229 228
208 209 229
208 188 189
208 209 189
89 125 109
89 88 125
30 11 10
30 31 11
30 9 10
30 29 9
32 12 11
32 31 11
32 12 13
32 33 13
206 226 225
206 205 225
206 186 185
206 205 185
147 146 109
147 110 109
147 146 166
147 167 166
147 148 111
147 110 111
147 148 168
147 167 168
187 186 166
187 167 166
187 188 168
187 167 168
143 144 124
143 106 124
143 144 164
143 164 163
143 142 105
143 106 105
143 142 162
143 163 162
204 224 225
204 205 225
204 184 185
204 205 185
204 224 223
204 203 223
181 161 162
181 182 162
181 180 160
181 161 160
181 200 180
181 201 200
202 222 221
202 201 221
202 181 182
202 181 201
202 222 223
202 203 223
4 25 5
4 24 25
4 23 3
4 23 24
44 65 45
44 65 64
44 24 25
44 25 45
44 63 64
44 63 43
44 23 43
44 23 24
1 21 20
1 20 0
140 161 141
140 161 160
140 159 139
140 159 160
84 85 65
84 65 64
84 121 105
84 85 105
84 63 83
84 63 64
26 6 5
26 25 5
26 25 45
26 46 45
86 85 105
86 106 105
42 61 62
42 41 61
42 63 62
42 63 43
183 163 162
183 182 162
183 202 182
183 202 203
183 184 164
183 164 163
183 204 184
183 204 203
213 233 232
213 212 232
213 234 233
213 214 234
213 214 194
213 193 194
173 172 152
173 152 153
173 153 154
173 154 174
173 193 194
173 194 174
192 213 212
192 213 193
192 173 172
192 173 193
192 212 211
192 211 191
192 172 171
192 191 171
114 94 93
114 130 93
114 151 150
114 130 150
132 133 153
132 152 153
132 151 152
132 114 151
149 170 169
149 170 150
149 169 168
149 148 168
90 89 109
90 110 109
69 90 89
69 90 70
69 89 88
69 88 68
51 30 31
51 30 50
51 70 50
51 71 70
91 92 72
91 71 72
91 110 111
91 90 110
91 90 70
91 71 70
52 73 53
52 73 72
52 33 53
52 32 33
52 51 71
52 71 72
52 32 31
52 51 31
207 227 226
207 206 226
207 206 186
207 187 186
207 227 228
207 208 228
207 208 188
207 187 188
103 84 121
103 84 83
103 121 141
103 140 141
103 102 82
103 83 82
103 102 139
103 140 139
87 106 124
87 86 106
87 125 124
87 88 125
87 88 68
87 67 68
66 87 86
66 87 67
66 46 45
66 65 45
66 85 65
66 86 85
27 7 6
27 26 6
27 7 8
27 28 8
22 1 21
22 1 2
22 41 21
22 42 41
22 2 3
22 23 3
22 23 43
22 42 43
76 96 97
76 97 77
76 57 77
76 56 57
76 55 75
76 56 55
95 76 96
95 76 75
95 96 133
95 132 133
95 74 75
95 74 94
95 114 94
95 132 114
112 130 93
112 92 93
112 130 150
112 149 150
112 91 92
112 91 111
112 148 111
112 149 148
49 30 29
49 30 50
49 69 70
49 70 50
49 29 28
49 28 48
49 69 68
49 48 68
47 66 46
47 66 67
47 26 46
47 27 26
47 67 68
47 48 68
47 27 28
47 28 48
36 56 57
36 57 37
36 16 17
36 37 17
36 55 35
36 56 55
36 35 15
36 16 15
